m1 = 3;
m2 = 3; 
m3 = 3;
l1 = 4; 
l2 = 2;
l3 = 3;
r1=l1/2;
r2=l2/2;
r3=l3/2;
g  = 9.8;